228	1	101	10976	6500766.511	6500.766511
214	7	831	2381	678482.7074	678.4827074
228	1	1313	7255	517162.0278	517.1620278
228	1	23	1532280	116046.9876	116.0469876
228	1	21	1386251	87534.50679	87.53450679
228	1	4141	1497	83336.93943	83.33693943
228	1	4141	14817	81275.37	81.27537
228	1	4141	6030	79295.47507	79.29547507
228	1	2222	10090	79278.16717	79.27816717
228	1	4141	4313	78174.338	78.174338
228	3	9505	238319	76941.0485	76.9410485
228	1	4141	6057	74859.02447	74.85902447
228	1	13	873240	74243.76668	74.24376668
228	1	13	878010	71880.74447	71.88074447
228	1	4141	25265	69362.60053	69.36260053
228	3	6002	12021	63549.19137	63.54919137
228	3	6002	12258	62919.63084	62.91963084
228	3	6004	13147	62892.10497	62.89210497
228	1	2626	4045	54739.16826	54.73916826
228	1	4242	6957	54485.7719	54.4857719
228	1	2626	10869	54228.9684	54.2289684
228	1	4242	7014	53657.49803	53.65749803
228	1	2626	24025	53332.84585	53.33284585
228	1	4141	6026	52936.75162	52.93675162
228	1	2626	5263	51882.15192	51.88215192
228	1	1313	21026	50817.08068	50.81708068
228	2	6000	26551	45141.51096	45.14151096
228	3	6002	13571	44914.11433	44.91411433
228	2	31000	12742	44204.14718	44.20414718
228	3	6002	12162	42966.17667	42.96617667
228	2	37000	3602	42301.80716	42.30180716
228	2	37000	44812	41746.11107	41.74611107
228	3	6503	1147505	41344.21109	41.34421109
228	3	9004	19972	36524.19493	36.52419493
228	3	6006	13893	35030.36539	35.03036539
228	2	32000	11612	32017.40737	32.01740737
228	1	2626	4020	30341.96127	30.34196127
228	2	32000	10352	30195.83033	30.19583033
228	1	1313	30409	30089.89164	30.08989164
228	1	101	150	30053.75484	30.05375484
228	1	2626	8893	29295.85517	29.29585517
228	1	4141	31186	28829.09777	28.82909777
228	1	1313	9454	28139.02271	28.13902271
228	1	2020	3467	27900.20424	27.90020424
228	3	6003	12345	27712.14414	27.71214414
228	1	13	868156	27649.25849	27.64925849
228	1	303	28481	27447.83457	27.44783457
228	3	6002	12082	27262.66057	27.26266057
228	2	14000	20722	26115.38083	26.11538083
228	1	101	4818	26005.60918	26.00560918
228	1	4141	6832	25852.83917	25.85283917
228	1	4141	12306	25815.94952	25.81594952
228	1	2020	13821	24973.66968	24.97366968
228	1	3030	13265	24488.77735	24.48877735
228	1	202	6166	24219.29749	24.21929749
228	2	32000	12291	24166.84226	24.16684226
228	1	4141	10202	23944.14016	23.94414016
228	1	1313	15825	23355.05033	23.35505033
228	2	7500	14001	21366.47932	21.36647932
228	2	7500	14021	21317.42207	21.31742207
228	2	37000	15692	20912.38016	20.91238016
228	2	32000	10286	20815.3927	20.8153927
228	3	6002	11823	20696.84277	20.69684277
228	2	37000	12732	20656.8953	20.6568953
228	1	2323	534	20441.63528	20.44163528
228	3	6002	12197	20213.98816	20.21398816
228	2	19000	2442	20121.85309	20.12185309
228	3	6002	11761	19801.71985	19.80171985
228	3	6003	12402	18582.75087	18.58275087
228	3	7510	177348	18289.99832	18.28999832
228	3	6004	13283	17730.89601	17.73089601
228	3	7510	176862	17131.97871	17.13197871
228	3	7510	176324	16814.25872	16.81425872
228	1	303	9240	16709.01784	16.70901784
228	2	17000	31371	16517.21228	16.51721228
228	2	16001	32593	16472.69899	16.47269899
228	3	6003	12283	16285.80584	16.28580584
228	2	16001	23967	16009.80925	16.00980925
228	2	15000	24152	15417.67315	15.41767315
208	10	11804	21588	15160.61255	15.16061255
228	1	4141	18480	15136.41213	15.13641213
228	1	2626	5421	15125.69248	15.12569248
228	3	6003	12261	14315.26935	14.31526935
228	1	2626	39079	14273.1933	14.2731933
228	3	6003	12772	14261.60603	14.26160603
228	1	4141	16522	14140.90279	14.14090279
228	1	2626	30274	13985.97794	13.98597794
228	1	2020	8238	13936.42456	13.93642456
228	1	2323	15016	13589.40485	13.58940485
228	2	32000	28712	12882.40764	12.88240764
228	1	13	878427	12738.95996	12.73895996
228	3	6006	13993	12426.24365	12.42624365
228	1	1313	13566	12105.12952	12.10512952
228	1	4141	8309	12068.36396	12.06836396
228	2	6000	23175	12039.31301	12.03931301
228	1	13	881421	11887.92556	11.88792556
228	3	6503	1146258	11877.09649	11.87709649
228	3	6009	17804	11870.30487	11.87030487
228	1	2424	3201	11777.13062	11.77713062
228	3	7510	176794	11608.45574	11.60845574
228	1	13	852948	11588.57451	11.58857451
228	3	6004	14056	11123.5474	11.1235474
228	1	6	424176	10950.83849	10.95083849
228	1	4141	8088	10937.16866	10.93716866
228	2	15000	2512	10935.84686	10.93584686
228	3	6004	14057	10932.50199	10.93250199
228	3	6501	884117	10909.1261	10.9091261
228	2	6000	31136	10888.18534	10.88818534
228	3	6006	13803	10619.07872	10.61907872
228	3	6008	13064	10449.9939	10.4499939
228	1	2222	29374	10289.25083	10.28925083
228	2	17000	22543	10231.4191	10.2314191
228	1	13	853173	10220.12994	10.22012994
228	2	19000	2443	10211.82857	10.21182857
228	3	7510	176804	10202.101	10.202101
228	2	15000	16912	10186.75101	10.18675101
228	1	3030	4617	10107.02526	10.10702526
228	1	101	6492	10002.50891	10.00250891
228	3	6003	12444	9902.216596	9.902216596
228	1	2323	15021	9892.776929	9.892776929
228	1	2222	2092	9736.835714	9.736835714
228	1	606	11031	9464.872455	9.464872455
228	3	6002	12101	9425.410537	9.425410537
228	1	2626	7313	9423.793239	9.423793239
228	1	4141	11431	9387.721047	9.387721047
228	1	4242	20660	9387.124871	9.387124871
228	3	6002	13027	9310.412209	9.310412209
228	1	4040	6691	9239.786566	9.239786566
228	1	4141	3996	9163.996608	9.163996608
228	1	2626	7385	9052.566441	9.052566441
228	3	6003	12280	9050.139186	9.050139186
228	1	3030	14189	9030.022767	9.030022767
228	1	101	7283	8990.644703	8.990644703
228	1	5	332859	8895.192636	8.895192636
228	2	6000	14331	8851.681127	8.851681127
228	1	3030	14012	8787.490344	8.787490344
228	1	4242	344	8690.329907	8.690329907
228	2	4000	26613	8684.385411	8.684385411
228	1	101	8145	8651.841432	8.651841432
228	1	4141	21051	8628.84088	8.62884088
228	3	7510	373542	8557.636992	8.557636992
228	1	3030	14034	8551.269469	8.551269469
228	1	24	1610754	8495.438899	8.495438899
228	1	4141	14646	8371.067907	8.371067907
228	1	13	882378	8194.314251	8.194314251
228	1	2626	5530	8146.909008	8.146909008
228	1	3030	14054	8066.164206	8.066164206
228	3	6003	12925	7994.482597	7.994482597
228	1	101	3510	7968.238694	7.968238694
228	1	4141	14645	7967.008452	7.967008452
228	2	16001	23991	7884.318116	7.884318116
228	1	12	809090	7880.13534	7.88013534
228	3	6002	12232	7806.860165	7.806860165
228	2	21000	26399594	7740.76775	7.74076775
228	3	8007	17717	7532.221202	7.532221202
228	1	13	862930	7506.810109	7.506810109
228	1	3030	14087	7496.345292	7.496345292
228	1	4141	324	7431.495841	7.431495841
228	2	15000	21021	7408.471331	7.408471331
228	1	4141	18471	7382.629345	7.382629345
228	2	17000	31531	7290.333953	7.290333953
228	1	16	1087188	7260.132635	7.260132635
228	1	13	886364	7246.692341	7.246692341
228	1	13	890446	7188.354031	7.188354031
228	2	15000	21212	7043.006951	7.043006951
228	1	404	21591	7012.120695	7.012120695
228	1	4141	27801	6842.696492	6.842696492
228	1	26	1728446	6820.759233	6.820759233
228	2	6000	31211	6816.537604	6.816537604
228	1	13	862744	6756.512224	6.756512224
228	3	6004	13612	6752.99882	6.75299882
228	1	4141	6023	6735.795408	6.735795408
228	1	3030	14033	6706.745308	6.706745308
228	1	202	24297	6699.954509	6.699954509
228	3	6004	14522	6594.457987	6.594457987
228	1	4141	5836	6592.313412	6.592313412
228	3	6003	12953	6572.183105	6.572183105
228	1	4141	26577	6562.564534	6.562564534
228	3	6002	12962	6558.381985	6.558381985
228	1	4141	27794	6464.917513	6.464917513
228	2	6000	0	6455.270831	6.455270831
228	2	6000	31012	6445.13712	6.44513712
228	2	17000	31141	6328.960629	6.328960629
228	1	202	6019	6302.347642	6.302347642
228	1	202	8308	6285.773378	6.285773378
228	3	6003	12666	6280.737668	6.280737668
228	1	1818	6496	6260.596951	6.260596951
228	1	4141	22827	6231.702978	6.231702978
228	3	6501	884069	6187.668894	6.187668894
228	3	8005	14282	6112.584404	6.112584404
228	3	6003	12782	6065.628463	6.065628463
228	1	202	24170	6062.087444	6.062087444
228	2	17000	31142	5996.632655	5.996632655
228	1	2222	6777	5993.610671	5.993610671
228	1	3030	14001	5818.451425	5.818451425
228	2	17000	23861	5812.796444	5.812796444
228	1	3030	9503	5799.519919	5.799519919
228	1	101	8283	5787.345923	5.787345923
228	1	101	16653	5771.747138	5.771747138
228	1	13	873752	5771.53645	5.77153645
228	1	202	6094	5706.541956	5.706541956
228	1	101	8196	5695.107122	5.695107122
228	3	6006	13119	5680.684165	5.680684165
228	1	24	1611183	5665.68126	5.66568126
228	1	26	1736950	5625.121729	5.625121729
228	1	2323	15023	5623.893416	5.623893416
228	1	1313	7069	5607.889682	5.607889682
228	3	6004	14885	5606.376026	5.606376026
228	2	6000	23185	5592.125141	5.592125141
228	3	6003	12403	5579.27708	5.57927708
228	1	3030	9654	5574.531921	5.574531921
228	3	6003	13001	5553.982283	5.553982283
228	1	202	6033	5483.691751	5.483691751
228	2	17000	31693	5462.07042	5.46207042
228	1	2222	23622	5459.99635	5.45999635
228	2	6000	29415	5419.467759	5.419467759
228	2	6000	29253	5384.552101	5.384552101
228	2	6000	23181	5357.06006	5.35706006
228	1	202	6018	5328.151957	5.328151957
228	1	4141	325	5314.286789	5.314286789
228	1	3030	683	5281.929293	5.281929293
228	1	3030	19984	5264.990302	5.264990302
228	1	4141	4758	5227.772124	5.227772124
228	1	3030	21118	5149.088004	5.149088004
228	2	16001	32641	5119.800837	5.119800837
228	1	202	6112	5071.760718	5.071760718
228	3	6003	13013	5051.276724	5.051276724
228	1	202	24282	5043.762416	5.043762416
228	1	26	1734693	5041.496153	5.041496153
228	1	3030	9356	4978.589219	4.978589219
228	3	6501	884030	4947.51563	4.94751563
228	3	6503	1146715	4942.071099	4.942071099
228	3	6004	14124	4886.306701	4.886306701
228	1	13	879988	4874.112839	4.874112839
228	3	6501	884241	4873.432618	4.873432618
228	1	1414	30388	4854.171225	4.854171225
228	3	6004	13732	4846.57553	4.84657553
228	1	2020	2133	4807.904885	4.807904885
228	1	3030	14647	4791.089983	4.791089983
228	1	303	9110	4784.884918	4.784884918
228	1	3030	11492	4761.687855	4.761687855
228	3	6004	14012	4756.572397	4.756572397
228	1	3030	619	4723.529567	4.723529567
228	1	202	5704	4686.58518	4.68658518
228	1	3030	694	4673.841668	4.673841668
228	2	3500	30205	4617.728413	4.617728413
228	1	4141	18462	4603.596758	4.603596758
228	1	1313	22958	4572.642866	4.572642866
228	2	16001	23933	4569.484838	4.569484838
228	2	7000	13971	4542.505484	4.542505484
228	1	1313	10268	4541.971986	4.541971986
228	1	2323	5531	4501.768723	4.501768723
228	1	1313	14047	4498.949524	4.498949524
228	3	6003	12813	4477.462362	4.477462362
228	1	1313	3878	4476.226736	4.476226736
228	1	2020	8170	4444.724981	4.444724981
228	1	2626	7386	4431.26952	4.43126952
228	1	4141	11413	4413.547028	4.413547028
228	1	3030	14112	4411.807914	4.411807914
228	1	1818	62	4383.076504	4.383076504
208	1	20991	5459	4378.147452	4.378147452
228	3	6003	12812	4359.005625	4.359005625
228	1	2222	10005	4285.903613	4.285903613
228	1	13	878670	4247.626637	4.247626637
228	1	24	1601500	4246.632462	4.246632462
228	2	6000	31161	4232.772185	4.232772185
228	3	6004	14011	4201.500479	4.201500479
228	3	6003	12657	4140.429994	4.140429994
228	1	4141	13480	4129.815551	4.129815551
228	1	1414	1925	4113.705856	4.113705856
228	3	6009	17721	4089.373119	4.089373119
228	1	13	878997	4089.3031	4.0893031
228	1	4242	7022	4083.307558	4.083307558
228	3	6004	14111	4070.294304	4.070294304
228	1	3030	5078	4066.271335	4.066271335
228	1	4242	4210	4047.700825	4.047700825
228	3	6003	12742	4021.884528	4.021884528
228	3	6003	12787	4001.106483	4.001106483
228	1	2020	8307	3965.707954	3.965707954
228	1	1818	21173	3952.640879	3.952640879
228	1	3030	2087	3946.956969	3.946956969
228	1	3030	21117	3945.799793	3.945799793
228	1	101	9883	3908.371332	3.908371332
228	3	6002	12141	3904.978766	3.904978766
228	2	16001	32652	3875.060747	3.875060747
228	3	9518	507799	3850.972755	3.850972755
228	1	13	884405	3809.581821	3.809581821
228	1	2424	5914	3786.70255	3.78670255
228	1	13	863162	3759.012565	3.759012565
228	3	6003	12781	3723.853619	3.723853619
228	2	18000	12853	3680.886851	3.680886851
228	1	13	891752	3584.864569	3.584864569
228	2	14000	24242	3577.128992	3.577128992
228	1	3030	14004	3569.480807	3.569480807
228	1	26	1728682	3558.116138	3.558116138
228	2	15000	23792	3551.855897	3.551855897
228	2	16001	32672	3542.203985	3.542203985
228	2	15000	24851	3514.655672	3.514655672
228	1	2222	4978	3501.861233	3.501861233
228	1	7	498318	3498.72941	3.49872941
228	3	6003	12752	3491.301486	3.491301486
228	3	9008	29030	3473.892607	3.473892607
228	1	12	795536	3448.104814	3.448104814
228	3	6004	13173	3437.005038	3.437005038
228	1	2525	7917	3415.598108	3.415598108
228	3	6002	12206	3378.865588	3.378865588
228	1	3030	5709	3369.144808	3.369144808
228	1	3030	11491	3363.287764	3.363287764
228	3	6002	12443	3361.976301	3.361976301
228	1	26	1737891	3356.465524	3.356465524
228	1	4242	4413	3324.503538	3.324503538
228	3	6003	12621	3289.146594	3.289146594
228	1	1313	5303	3278.053996	3.278053996
228	2	6000	29257	3231.026661	3.231026661
228	1	1414	2006	3214.093006	3.214093006
228	1	3030	4614	3182.889436	3.182889436
228	3	6006	13973	3174.643486	3.174643486
228	1	13	879630	3157.893306	3.157893306
228	1	20	1347558	3140.337948	3.140337948
228	1	6	430853	3098.489911	3.098489911
228	1	1313	4193	3084.470041	3.084470041
228	1	202	23628	3078.494083	3.078494083
228	1	2424	3123	3076.370047	3.076370047
228	1	4141	5920	3070.077233	3.070077233
228	1	1313	21102	3053.607371	3.053607371
228	2	6000	24091	3039.070348	3.039070348
228	2	6000	29571	3031.012707	3.031012707
228	1	4141	5835	3002.832636	3.002832636
228	3	6503	1146446	2995.701194	2.995701194
228	2	16001	22961	2977.178959	2.977178959
228	1	3030	14011	2952.546508	2.952546508
228	1	202	5830	2942.062974	2.942062974
228	3	6003	12771	2932.099674	2.932099674
228	2	16001	33011	2921.942075	2.921942075
228	1	26	1728688	2883.942399	2.883942399
228	3	7500	109624	2873.439701	2.873439701
228	1	101	8281	2860.949256	2.860949256
228	3	6004	13611	2851.572922	2.851572922
228	1	2626	4113	2849.942686	2.849942686
228	1	26	1741715	2847.008938	2.847008938
228	2	14000	20232	2826.212863	2.826212863
228	2	17000	203	2825.915743	2.825915743
228	1	101	8329	2792.65267	2.79265267
228	3	6004	13623	2789.918912	2.789918912
228	2	21000	26399523	2789.872786	2.789872786
228	2	20200	26342607	2786.53043	2.78653043
228	1	1313	20887	2779.639275	2.779639275
228	1	13	873241	2777.023859	2.777023859
228	2	20200	26342608	2777.006649	2.777006649
228	1	13	868452	2774.053239	2.774053239
228	1	13	890361	2758.496774	2.758496774
228	2	16001	3582	2730.527437	2.730527437
228	2	16001	24481	2723.512032	2.723512032
228	1	13	889886	2720.524898	2.720524898
228	1	26	1733984	2706.594562	2.706594562
228	3	6004	14112	2706.23701	2.70623701
228	1	2222	6516	2701.300307	2.701300307
228	1	101	3452	2700.461076	2.700461076
228	1	21	1414172	2687.657427	2.687657427
228	1	4141	10201	2677.689846	2.677689846
228	2	15000	20472	2641.075121	2.641075121
228	1	101	8272	2613.566769	2.613566769
228	2	15000	20521	2585.001298	2.585001298
228	1	3030	3449	2581.408769	2.581408769
228	2	6000	31317	2579.203135	2.579203135
228	1	5	366196	2566.865981	2.566865981
228	3	6003	12238	2530.28127	2.53028127
228	2	16001	32632	2528.929471	2.528929471
228	3	9518	507794	2515.390896	2.515390896
228	1	2828	6216	2513.100919	2.513100919
228	1	101	69	2488.556757	2.488556757
228	1	4141	6078	2474.862682	2.474862682
228	1	2222	660	2466.588658	2.466588658
228	2	6000	23242	2459.16419	2.45916419
228	1	13	890179	2446.829971	2.446829971
228	1	4242	8213	2445.852572	2.445852572
228	1	13	863946	2434.253144	2.434253144
228	3	7500	109196	2432.438525	2.432438525
228	2	16001	24493	2412.20853	2.41220853
228	1	4141	8035	2409.662146	2.409662146
228	1	13	890447	2405.256794	2.405256794
228	1	202	6004	2395.237627	2.395237627
228	1	4141	13479	2389.21936	2.38921936
228	1	1313	21025	2381.819888	2.381819888
228	2	6000	31025	2372.394407	2.372394407
228	1	4141	6521	2370.17867	2.37017867
228	2	6000	31021	2362.20006	2.36220006
228	1	3030	21023	2362.150576	2.362150576
228	1	24	1610753	2361.41572	2.36141572
228	3	6004	13631	2358.832414	2.358832414
228	1	101	8322	2358.574069	2.358574069
228	1	3030	5712	2357.690722	2.357690722
228	1	1919	9940	2343.049884	2.343049884
228	1	26	1727505	2342.419893	2.342419893
228	3	6501	884186	2336.506207	2.336506207
228	3	7500	109178	2332.226396	2.332226396
228	1	101	70	2295.153013	2.295153013
228	1	101	175	2281.27728	2.28127728
228	1	1313	14078	2277.521899	2.277521899
228	1	202	8033	2277.201437	2.277201437
228	1	1414	2295	2275.25181	2.27525181
228	1	13	865634	2256.249813	2.256249813
228	1	2020	3927	2218.271559	2.218271559
228	1	1111	7000	2193.372327	2.193372327
228	1	6	430305	2180.741719	2.180741719
228	1	101	27412	2172.161034	2.172161034
228	1	1313	5790	2169.048627	2.169048627
228	3	6004	14223	2164.150633	2.164150633
228	1	4242	5386	2161.43664	2.16143664
228	1	26	1734432	2147.376647	2.147376647
228	1	3434	11134	2131.750395	2.131750395
228	1	4141	4974	2124.444712	2.124444712
228	1	2020	2132	2123.205544	2.123205544
228	1	13	889894	2117.450095	2.117450095
228	1	1313	318	2116.737896	2.116737896
228	1	26	1741676	2101.79458	2.10179458
228	1	1111	3677	2092.59531	2.09259531
228	1	4141	8045	2085.852285	2.085852285
228	1	26	1710028	2085.300531	2.085300531
228	1	4242	337	2085.279287	2.085279287
228	3	6003	12146	2082.439105	2.082439105
228	1	2525	2286	2078.022065	2.078022065
228	2	6000	2261	2071.070063	2.071070063
228	3	6004	14173	2067.606638	2.067606638
228	1	1313	14074	2067.313433	2.067313433
228	2	16001	24482	2066.69982	2.06669982
228	2	6000	23362	2066.233566	2.066233566
228	1	2929	4595	2063.136811	2.063136811
228	1	26	1719031	2054.395458	2.054395458
228	1	3030	4192	2048.891764	2.048891764
228	1	13	865633	2044.183367	2.044183367
228	3	6008	13952	2026.260966	2.026260966
228	1	3030	14018	2023.134967	2.023134967
228	1	3030	14013	2016.942201	2.016942201
228	1	1313	3464	1986.356662	1.986356662
228	3	6004	13511	1984.515977	1.984515977
228	2	17000	13272	1975.595014	1.975595014
228	1	2929	5743	1964.696525	1.964696525
228	1	6	430744	1933.519134	1.933519134
228	2	4000	25973	1932.901479	1.932901479
228	1	101	64	1927.955618	1.927955618
228	1	2323	15236	1913.397636	1.913397636
228	3	6004	14521	1912.045838	1.912045838
228	2	21000	26395594	1910.771545	1.910771545
228	1	101	8059	1909.532449	1.909532449
228	1	1313	14358	1906.549131	1.906549131
228	2	4000	20131	1892.892776	1.892892776
228	1	101	6962	1890.90939	1.89090939
228	1	3030	2089	1885.943514	1.885943514
228	1	101	1356	1885.276964	1.885276964
228	1	1313	9126	1885.056679	1.885056679
228	1	3030	3290	1882.871112	1.882871112
228	2	17000	2392	1881.414434	1.881414434
228	1	1919	16073	1878.435567	1.878435567
228	3	6501	884169	1873.860424	1.873860424
228	1	1313	10	1857.343468	1.857343468
228	3	6002	12149	1851.78729	1.85178729
262	1	29194	51542	1846.927482	1.846927482
228	1	2525	11182	1846.658177	1.846658177
228	1	101	8041	1843.59637	1.84359637
228	1	3030	14028	1837.825718	1.837825718
228	3	6006	12973	1827.492032	1.827492032
228	1	4141	643	1827.433094	1.827433094
228	3	6503	1147754	1813.374907	1.813374907
228	2	16001	32671	1797.274478	1.797274478
228	1	2222	10100	1796.926088	1.796926088
228	3	9008	29182	1796.851912	1.796851912
228	1	1919	16055	1796.804406	1.796804406
228	1	12	803927	1791.145191	1.791145191
228	1	3	228477	1788.350448	1.788350448
228	1	2626	21207	1783.530346	1.783530346
228	1	13	853318	1781.226013	1.781226013
228	2	4000	20052	1770.722869	1.770722869
228	3	6501	884239	1768.15941	1.76815941
228	1	2929	13149	1767.233931	1.767233931
228	1	4141	5919	1766.400469	1.766400469
228	3	6003	12733	1762.580001	1.762580001
228	2	6000	31173	1757.725972	1.757725972
228	3	7500	109198	1747.019527	1.747019527
228	1	23	1535482	1737.615394	1.737615394
228	1	26	1710029	1713.090928	1.713090928
228	1	13	884409	1707.418592	1.707418592
228	1	12	818305	1702.452324	1.702452324
228	1	6	430436	1695.624081	1.695624081
228	1	26	1704790	1694.802171	1.694802171
228	1	13	874931	1688.076799	1.688076799
228	3	6003	12601	1685.534823	1.685534823
228	1	101	8275	1677.827183	1.677827183
228	1	2626	21440	1675.546179	1.675546179
228	1	101	8183	1647.847662	1.647847662
228	3	6003	12999	1645.206347	1.645206347
228	1	21	1404426	1636.687965	1.636687965
228	2	16001	32661	1635.815221	1.635815221
228	2	6000	31311	1635.160553	1.635160553
228	2	6000	25216	1634.009429	1.634009429
228	1	21	1416060	1625.948541	1.625948541
228	1	202	6110	1618.92767	1.61892767
228	3	9006	27101	1617.824593	1.617824593
228	3	6003	12642	1614.083999	1.614083999
228	1	13	864005	1609.880994	1.609880994
228	1	101	8016	1609.360177	1.609360177
228	1	12	824395	1596.405325	1.596405325
228	3	7510	176857	1592.20904	1.59220904
228	1	6	431000	1591.143816	1.591143816
228	1	4242	21174	1586.264754	1.586264754
228	3	6002	12252	1580.390744	1.580390744
228	1	101	8007	1574.425252	1.574425252
228	1	4242	7011	1565.437783	1.565437783
228	1	3030	14039	1559.755195	1.559755195
228	1	2020	8327	1543.383915	1.543383915
228	2	16001	32651	1541.290728	1.541290728
228	1	5	333417	1537.663007	1.537663007
228	1	2222	10592	1533.570975	1.533570975
228	1	2525	5406	1526.122255	1.526122255
228	2	30000	10921	1525.363623	1.525363623
228	2	6000	31312	1523.658789	1.523658789
228	1	101	28846	1518.205617	1.518205617
228	1	5	351893	1516.067255	1.516067255
228	3	7510	176867	1514.120014	1.514120014
228	1	4040	26825	1512.621125	1.512621125
228	2	21000	26404534	1508.291563	1.508291563
228	1	13	886746	1507.355665	1.507355665
228	3	6501	884333	1504.542394	1.504542394
228	1	26	1740882	1504.531455	1.504531455
228	1	2121	9082	1497.813674	1.497813674
228	1	303	6316	1492.009868	1.492009868
228	1	3030	12048	1491.129542	1.491129542
228	1	2020	3928	1479.477853	1.479477853
228	1	13	863929	1475.503825	1.475503825
228	3	6006	14719	1470.312833	1.470312833
228	3	6004	13643	1468.459125	1.468459125
228	3	6003	12333	1464.75421	1.46475421
228	1	4040	8245	1456.86301	1.45686301
228	1	26	1710430	1455.690419	1.455690419
228	1	3030	129	1455.464746	1.455464746
228	2	6000	31225	1447.414339	1.447414339
228	2	6000	19181	1442.202469	1.442202469
228	1	2323	345	1439.535534	1.439535534
228	3	7500	109176	1437.991391	1.437991391
228	2	6000	31131	1430.260777	1.430260777
228	2	6000	31346	1429.317174	1.429317174
228	3	8502	1019238	1426.525302	1.426525302
228	1	2626	7394	1419.539668	1.419539668
228	1	26	1725365	1418.195213	1.418195213
228	1	101	8229	1414.831678	1.414831678
228	3	6002	12161	1413.929786	1.413929786
228	3	9006	27090	1406.522926	1.406522926
228	1	24	1587821	1390.846268	1.390846268
228	2	15000	20501	1388.602516	1.388602516
228	1	4242	4414	1382.805588	1.382805588
228	1	101	8287	1381.173576	1.381173576
228	2	6000	31177	1378.186179	1.378186179
228	1	3434	11119	1375.61369	1.37561369
228	1	101	20005	1370.562184	1.370562184
228	1	13	871458	1367.692884	1.367692884
228	2	6000	10872	1360.434815	1.360434815
228	3	6003	12522	1356.849485	1.356849485
228	3	6003	12602	1356.77062	1.35677062
228	1	2424	3022	1350.895238	1.350895238
228	3	8502	1019511	1347.438818	1.347438818
228	1	202	6158	1346.89537	1.34689537
228	1	101	8192	1344.37727	1.34437727
228	3	6503	1146696	1341.963833	1.341963833
228	1	4242	7236	1341.822794	1.341822794
228	1	4242	7172	1336.660329	1.336660329
228	1	4141	299	1332.707806	1.332707806
228	1	13	889893	1329.074114	1.329074114
228	2	30000	10022	1327.543259	1.327543259
228	2	16001	32631	1324.850273	1.324850273
228	1	1313	31029	1322.805675	1.322805675
228	3	9008	28943	1322.028003	1.322028003
228	1	101	23958	1314.73095	1.31473095
228	1	1313	3879	1309.196299	1.309196299
228	1	101	8005	1308.999057	1.308999057
228	3	6501	884152	1308.509353	1.308509353
228	2	6000	29716	1303.213193	1.303213193
228	1	13	878999	1300.936439	1.300936439
228	3	6003	13491	1295.105355	1.295105355
228	2	16001	31432	1293.472897	1.293472897
228	1	101	65	1287.636655	1.287636655
228	3	7510	176855	1286.39346	1.28639346
228	1	26	1738478	1285.406426	1.285406426
228	3	6004	13733	1285.153511	1.285153511
228	1	13	889304	1283.490638	1.283490638
228	2	18000	40001	1283.190492	1.283190492
228	2	6000	25161	1279.653419	1.279653419
228	3	6501	884334	1273.586368	1.273586368
228	2	21000	26403724	1270.217491	1.270217491
228	1	1313	29547	1269.983196	1.269983196
228	2	21000	26392023	1269.524883	1.269524883
228	1	23	1535062	1267.178938	1.267178938
228	3	6004	13512	1259.276715	1.259276715
228	1	2222	10027	1258.158319	1.258158319
228	2	6000	31182	1257.339755	1.257339755
228	3	6009	17381	1249.345156	1.249345156
228	1	13	889305	1248.694665	1.248694665
228	3	6006	14083	1247.384357	1.247384357
228	2	6000	21491	1236.07496	1.23607496
228	1	2525	2017	1236.004988	1.236004988
228	1	13	865620	1233.963968	1.233963968
228	2	6000	23283	1232.944479	1.232944479
228	1	27	1806561	1230.297658	1.230297658
228	2	6000	22883	1223.843313	1.223843313
228	3	9008	28941	1219.470648	1.219470648
228	2	6000	31316	1218.547154	1.218547154
228	1	4242	4417	1215.759722	1.215759722
228	1	5	342782	1207.277129	1.207277129
228	1	24	1601319	1204.054533	1.204054533
228	1	404	1815	1200.37175	1.20037175
228	3	6003	12801	1199.561069	1.199561069
228	1	101	8280	1198.531644	1.198531644
228	3	6002	12041	1195.470888	1.195470888
228	3	6501	883100	1195.359678	1.195359678
228	1	26	1719714	1188.18123	1.18818123
228	1	101	8263	1169.523278	1.169523278
228	1	101	5396	1165.281877	1.165281877
228	1	26	1741769	1159.912246	1.159912246
228	2	6000	29715	1157.992764	1.157992764
228	1	4242	6958	1156.092467	1.156092467
228	2	20000	26338877	1155.261496	1.155261496
228	1	6	431057	1151.68168	1.15168168
228	3	6003	12634	1150.180271	1.150180271
228	3	6501	884993	1148.63227	1.14863227
228	1	101	4799	1137.302492	1.137302492
228	2	16001	27353	1131.560179	1.131560179
228	2	14000	24241	1129.405613	1.129405613
228	1	26	1737006	1126.071816	1.126071816
228	1	13	881327	1125.59119	1.12559119
228	1	21	1404430	1118.472572	1.118472572
228	1	21	1416061	1118.291811	1.118291811
228	2	6000	31313	1113.564903	1.113564903
228	3	6003	12521	1112.31002	1.11231002
228	3	6501	884330	1111.049805	1.111049805
228	1	6	409136	1108.646349	1.108646349
228	1	13	869756	1103.69793	1.10369793
228	1	6	430585	1083.795146	1.083795146
228	3	6009	17251	1083.752815	1.083752815
228	1	6	430437	1082.613172	1.082613172
228	2	4000	20152	1080.645742	1.080645742
228	3	7500	110498	1076.767748	1.076767748
228	2	20000	26336678	1074.112079	1.074112079
228	3	6006	14691	1072.4697	1.0724697
228	2	11000	43231	1071.999684	1.071999684
228	2	16001	33072	1071.423373	1.071423373
228	1	13	854235	1069.847417	1.069847417
228	3	6002	12163	1069.023368	1.069023368
228	2	20000	26336427	1067.280795	1.067280795
228	1	6	411203	1066.462714	1.066462714
228	2	16001	32643	1061.914129	1.061914129
228	2	6000	29055	1061.626977	1.061626977
228	1	26	1736949	1061.456076	1.061456076
228	2	6000	13923	1059.031379	1.059031379
228	2	17000	31143	1056.063123	1.056063123
228	1	4242	7010	1054.879661	1.054879661
228	1	101	8193	1052.137204	1.052137204
228	2	6000	19185	1049.011221	1.049011221
228	1	1717	10260	1047.364061	1.047364061
228	1	6	430808	1045.694741	1.045694741
228	3	6006	12292	1042.253423	1.042253423
228	1	101	7979	1037.555681	1.037555681
228	3	6003	12803	1034.3848	1.0343848
228	1	2929	26741	1030.910803	1.030910803
228	2	6000	22115	1027.260384	1.027260384
228	2	14000	24211	1026.957571	1.026957571
228	1	21	1414765	1023.09539	1.02309539
228	3	8007	17716	1022.857776	1.022857776
228	3	6004	13751	1014.121684	1.014121684
228	3	7510	176872	1012.20623	1.01220623
228	3	6008	17106	1011.777463	1.011777463
228	1	1414	6823	1011.386435	1.011386435
228	1	1212	3014	1010.349074	1.010349074
228	2	7000	13982	1009.73199	1.00973199
228	1	6	418366	1008.180856	1.008180856
228	3	6002	11803	1007.941895	1.007941895
228	1	5	364669	1003.648146	1.003648146
228	1	101	8191	1003.20316	1.00320316
228	2	21000	26399524	998.5899419	0.998589942
228	2	16001	27352	997.2287385	0.997228739
228	1	101	10337	995.430092	0.995430092
228	1	4040	3883	991.8075503	0.99180755
228	2	14000	14203	989.088913	0.989088913
228	1	101	7282	985.6262539	0.985626254
228	1	4040	8270	985.2782243	0.985278224
228	1	1616	21227	983.1001011	0.983100101
228	1	12	823489	977.7283359	0.977728336
228	2	15000	22762	973.0905087	0.973090509
228	1	1414	21126	970.6611191	0.970661119
228	1	101	8182	962.0679575	0.962067957
228	2	20000	26336719	959.6859915	0.959685992
228	2	30000	10066	957.0442959	0.957044296
228	3	9008	29174	950.6347828	0.950634783
228	1	3030	14085	948.4010798	0.94840108
228	1	13	864019	948.1135068	0.948113507
228	1	2020	2151	947.3206493	0.947320649
228	1	26	1728458	944.8371639	0.944837164
228	2	17000	12681	938.4724449	0.938472445
228	2	16001	33111	937.6162623	0.937616262
228	1	26	1738477	937.1188661	0.937118866
228	1	4	299296	931.9503162	0.931950316
228	1	6	430438	930.9018316	0.930901832
228	1	1212	29897	930.2901312	0.930290131
228	1	27	1807108	929.0606177	0.929060618
228	2	16001	22502	928.2976618	0.928297662
228	2	6000	31151	926.4290556	0.926429056
228	1	6	430784	924.7656941	0.924765694
228	2	6000	11411	921.3001837	0.921300184
228	2	6000	26406	917.8271768	0.917827177
228	2	20000	26337479	915.827408	0.915827408
228	1	1414	2059	911.0913188	0.911091319
228	2	6000	31347	910.0649358	0.910064936
228	1	1414	2079	907.2876001	0.9072876
228	1	4040	10948	905.6492753	0.905649275
228	1	16	1082241	902.621423	0.902621423
228	2	14000	20581	901.5091397	0.90150914
228	3	6006	14082	901.1331057	0.901133106
228	3	6004	13582	898.1572241	0.898157224
228	3	9518	508234	896.4530292	0.896453029
228	1	2929	10799	890.4736351	0.890473635
228	1	26	1733987	884.2950424	0.884295042
228	1	12	818805	881.6989216	0.881698922
228	2	6000	15943	875.3039788	0.875303979
228	1	26	1728684	872.4743318	0.872474332
228	1	3	211811	872.1493146	0.872149315
228	1	16	1054927	870.0375855	0.870037585
228	2	6000	11182	862.7126026	0.862712603
228	1	1616	17741	862.5364696	0.86253647
228	1	101	10597	861.3063133	0.861306313
228	3	6004	13521	856.3977215	0.856397722
228	1	26	1737888	856.1026566	0.856102657
228	1	26	1740886	855.408997	0.855408997
228	1	101	8278	854.7985419	0.854798542
228	3	6002	12961	849.815876	0.849815876
228	1	202	26130	846.8287995	0.846828799
228	3	6508	1151984	846.5613536	0.846561354
228	1	6	409277	843.1274474	0.843127447
228	1	4242	6191	841.4168223	0.841416822
228	3	7018	23626	841.2733444	0.841273344
228	3	6503	1146587	840.7076951	0.840707695
228	3	9518	507813	836.1051522	0.836105152
228	1	2525	598	833.6863341	0.833686334
228	1	1	102704	833.6045991	0.833604599
228	3	9505	238235	833.4459834	0.833445983
228	1	12	823539	831.0583878	0.831058388
228	2	6000	25995	829.5977182	0.829597718
228	2	16001	24345	829.2634206	0.829263421
228	1	101	19051	828.5104682	0.828510468
228	1	26	1709774	824.9023109	0.824902311
228	1	4141	4976	824.7805895	0.82478059
228	1	202	5829	823.2770879	0.823277088
228	1	6	426017	818.3096378	0.818309638
228	1	6	430799	816.0552433	0.816055243
228	3	6501	884154	814.2992028	0.814299203
228	3	6503	1146835	813.6076928	0.813607693
228	1	2222	29601	813.0264464	0.813026446
228	1	12	803215	812.0222653	0.812022265
228	1	1616	17702	811.5631371	0.811563137
228	1	21	1414759	809.6178569	0.809617857
228	2	30000	16497	806.5423801	0.80654238
228	2	6000	25266	805.7400025	0.805740003
228	1	2222	12583	804.9306946	0.804930695
228	2	6000	10877	803.4492311	0.803449231
228	1	26	1715124	802.1111993	0.802111199
228	1	3030	34529	801.7939907	0.801793991
228	1	3030	10037	801.1883143	0.801188314
228	1	4141	4208	797.6863642	0.797686364
228	1	13	878194	796.4235715	0.796423572
228	1	1616	6422	795.9065484	0.795906548
228	2	6000	19187	795.3135814	0.795313581
228	1	1	102812	794.1732462	0.794173246
228	1	21	1402696	792.4920558	0.792492056
228	1	3030	130	791.4082693	0.791408269
228	3	7500	110996	790.9029137	0.790902914
228	2	6000	31365	788.8669286	0.788866929
228	3	8004	16508	788.3364939	0.788336494
228	1	12	823523	786.4964774	0.786496477
228	1	1313	7068	785.6061	0.7856061
228	1	1414	608	785.2336184	0.785233618
228	2	6000	25212	785.0400118	0.785040012
228	3	6503	1146277	783.0837037	0.783083704
228	1	3030	15820	782.2927302	0.78229273
228	1	303	9167	782.032985	0.782032985
228	3	6503	1146276	779.0226437	0.779022644
228	1	4141	8057	777.9013973	0.777901397
228	1	5	365491	777.7958595	0.777795859
228	3	8007	17683	776.1609637	0.776160964
228	1	21	1394253	773.6652226	0.773665223
228	3	6008	17202	772.6245397	0.77262454
228	2	17000	25921	772.3320412	0.772332041
228	3	6501	884071	771.9267996	0.7719268
228	1	6	431612	769.9325191	0.769932519
228	1	101	8222	768.7154352	0.768715435
228	1	1212	29900	768.5257211	0.768525721
228	1	2424	20491	766.2574801	0.76625748
228	3	6002	12241	766.0322783	0.766032278
228	3	6002	12031	765.476063	0.765476063
228	1	26	1727458	764.0029675	0.764002968
228	2	20000	26329097	761.3857251	0.761385725
228	1	16	1085703	758.5313981	0.758531398
228	2	20200	26336247	758.0847703	0.75808477
228	1	101	3890	757.2813286	0.757281329
228	1	26	1738872	754.9281795	0.754928179
228	3	6004	13621	754.3591874	0.754359187
228	3	6002	12203	752.6710008	0.752671001
228	2	6000	29717	751.3985245	0.751398524
228	2	6000	31345	749.6278053	0.749627805
228	1	6	431058	748.7310785	0.748731079
228	1	101	67	747.5991605	0.747599161
228	2	6000	29642	747.0860458	0.747086046
228	1	24	1605746	746.6876202	0.74668762
228	2	6000	23161	746.6745364	0.746674536
228	1	6	430964	745.1308541	0.745130854
228	1	1313	14010	744.3805166	0.744380517
228	1	1616	17704	741.6720144	0.741672014
228	1	101	8257	739.2405046	0.739240505
228	1	21	1411717	734.1339003	0.7341339
228	1	3030	14000	730.0756027	0.730075603
228	1	1616	5462	729.3178655	0.729317865
228	1	12	808408	729.219417	0.729219417
228	2	15000	20522	727.8862666	0.727886267
228	1	4242	10317	727.7358679	0.727735868
228	1	3030	19494	726.6842914	0.726684291
228	3	6003	12401	721.107341	0.721107341
228	1	101	2805	720.7923388	0.720792339
228	1	26	1715126	720.2921219	0.720292122
228	2	6000	31216	720.2155249	0.720215525
228	3	6003	12542	716.2583832	0.716258383
228	1	3434	668	715.9064143	0.715906414
228	3	9003	21643	715.8379829	0.715837983
228	2	6000	25163	713.2136564	0.713213656
228	1	101	9879	712.3856931	0.712385693
228	3	6501	884411	711.1918403	0.71119184
228	1	21	1414249	710.6689019	0.710668902
228	3	6002	11843	709.5883095	0.709588309
228	2	6000	31135	709.0839126	0.709083913
228	1	13	873009	705.3931561	0.705393156
228	1	1414	34580	705.3894928	0.705389493
228	1	3	211518	704.6966174	0.704696617
228	2	6000	31111	703.2027242	0.703202724
228	1	13	888372	702.7324253	0.702732425
228	3	9505	235520	701.0233137	0.701023314
228	2	6000	31061	699.4407942	0.699440794
228	3	6003	12652	699.0680464	0.699068046
228	3	6503	1146353	698.9465689	0.698946569
228	3	7017	23892	698.885577	0.698885577
228	1	101	14426	698.3550841	0.698355084
228	3	6501	884410	698.0953251	0.698095325
228	2	6000	31045	697.590288	0.697590288
228	1	19	1282541	696.2722915	0.696272291
228	3	6501	884070	694.4748493	0.694474849
228	2	16001	33071	693.6738152	0.693673815
228	1	1313	14050	693.5297702	0.69352977
228	3	6503	1146728	691.7894468	0.691789447
228	1	202	1983	684.2107744	0.684210774
228	1	4141	640	683.8744496	0.68387445
228	1	4242	21169	677.7853825	0.677785383
228	3	6004	14221	676.7347512	0.676734751
228	2	6000	26507	673.2298267	0.673229827
228	1	26	1726750	671.4062906	0.671406291
228	1	3030	14648	670.9295696	0.67092957
228	3	6501	884170	666.7828705	0.666782871
228	1	12	823531	665.4704743	0.665470474
228	1	12	823486	664.850777	0.664850777
228	3	6006	14576	663.7715757	0.663771576
228	1	3030	12047	662.8398351	0.662839835
228	1	21	1414077	662.2060972	0.662206097
228	1	26	1738003	661.8341048	0.661834105
228	1	13	889303	660.246341	0.660246341
228	2	21000	26404884	658.7176751	0.658717675
228	1	202	15621	656.0029302	0.65600293
228	3	6004	13591	655.9759874	0.655975987
228	2	6000	31152	653.8371618	0.653837162
228	3	6003	12624	653.5171207	0.653517121
228	1	2929	13233	650.581905	0.650581905
228	1	101	13461	650.5586555	0.650558656
228	1	6	430787	650.35195	0.65035195
228	1	3030	10612	650.2402376	0.650240238
228	3	9505	235521	645.8344394	0.645834439
228	1	12	806757	641.5932576	0.641593258
228	2	6000	2127	640.6439143	0.640643914
228	2	6000	11412	638.9840663	0.638984066
228	3	9505	234821	638.3513538	0.638351354
228	2	6000	29646	637.940773	0.637940773
228	1	6	411484	632.6106216	0.632610622
228	1	6	430852	631.4578123	0.631457812
228	1	26	1725359	630.613551	0.630613551
228	2	6000	31226	628.2339566	0.628233957
228	2	6000	25215	626.4387956	0.626438796
228	1	101	8279	625.9309238	0.625930924
228	2	6000	28457	624.82881	0.62482881
228	1	27	1793585	622.1077697	0.62210777
228	1	24	1605752	620.5344658	0.620534466
228	1	27	1806392	619.2983749	0.619298375
228	1	3030	14082	619.2336642	0.619233664
228	1	12	815085	616.7196619	0.616719662
228	2	21000	26392834	616.4273457	0.616427346
228	1	21	1414078	615.0456982	0.615045698
228	1	20	1321946	614.5769974	0.614576997
228	3	7510	176887	613.2166528	0.613216653
228	2	17000	201	603.8874835	0.603887483
228	3	6503	1146654	603.6313646	0.603631365
228	1	12	824394	603.3804596	0.60338046
228	2	20000	26333029	603.1752072	0.603175207
228	1	26	1727919	601.7595035	0.601759504
228	2	20200	26336248	601.7031415	0.601703142
228	3	6003	12611	601.1473975	0.601147397
228	3	6002	13024	600.0226651	0.600022665
228	1	1212	10647	598.6920624	0.598692062
228	1	202	6015	596.3645506	0.596364551
228	1	12	823540	596.1227922	0.596122792
228	1	1717	10259	592.9520234	0.592952023
228	1	101	68	590.3818048	0.590381805
228	3	8502	1022072	590.0883232	0.590088323
228	1	12	823517	586.9188078	0.586918808
228	3	6503	1147037	584.1436187	0.584143619
228	1	4141	5061	582.6923774	0.582692377
228	1	24	1601503	577.8877137	0.577887714
228	1	606	11016	577.3414925	0.577341493
228	1	27	1807924	576.171254	0.576171254
228	1	12	816477	573.9918417	0.573991842
228	1	1	83704	573.6839805	0.57368398
228	1	4040	26058	572.8786453	0.572878645
228	1	6	409618	572.2269408	0.572226941
228	1	5	365493	571.5102754	0.571510275
228	3	6003	12334	570.9398072	0.570939807
228	3	6003	12682	570.8893494	0.570889349
228	3	7500	110326	569.9917105	0.569991711
228	1	2525	2060	569.9604332	0.569960433
228	1	101	8251	569.01776	0.56901776
228	3	6003	13493	568.803441	0.568803441
228	1	20	1337450	568.5805835	0.568580584
228	3	8502	1019098	565.3268764	0.565326876
228	1	101	10978	564.1584269	0.564158427
228	3	6503	1146778	562.6105881	0.562610588
228	1	13	863930	561.9431096	0.56194311
228	3	6501	884131	561.7163913	0.561716391
228	1	13	878428	560.4935614	0.560493561
228	1	6	431303	559.5803957	0.559580396
228	1	12	823527	557.1541128	0.557154113
228	1	101	3509	557.1072609	0.557107261
228	1	13	890395	556.8614522	0.556861452
228	1	13	868450	555.6447699	0.55564477
228	1	303	9006	555.2220131	0.555222013
228	2	20000	26333028	553.4312293	0.553431229
228	2	11000	43182	550.8084964	0.550808496
228	1	2323	17174	549.1815255	0.549181525
228	1	6	431340	547.8722885	0.547872288
228	3	8007	17306	547.6291911	0.547629191
228	1	12	816569	545.7292298	0.54572923
228	1	26	1742927	544.545606	0.544545606
228	3	6503	1146354	544.2665082	0.544266508
228	1	12	814059	543.8492558	0.543849256
228	1	101	8013	541.7391691	0.541739169
228	1	3434	23108	539.6325631	0.539632563
228	2	16001	22501	538.5604069	0.538560407
228	1	26	1737314	538.364606	0.538364606
228	1	13	884372	536.9615715	0.536961571
228	3	6504	950140	536.5527922	0.536552792
228	3	6006	13782	535.8546886	0.535854689
228	3	6503	1147755	534.9668855	0.534966885
228	1	17	1129528	534.0060496	0.53400605
228	1	4040	6688	532.1536311	0.532153631
228	3	6003	12240	531.1304081	0.531130408
228	1	13	864017	530.5059538	0.530505954
228	1	21	1406358	529.1728043	0.529172804
228	3	6004	13752	528.6455594	0.528645559
228	3	6006	14261	528.0637625	0.528063763
228	2	16001	32662	524.6739633	0.524673963
228	1	1	102806	519.7813742	0.519781374
228	1	1111	2369	519.3752487	0.519375249
228	1	19	1270253	518.553126	0.518553126
228	3	6002	11324	517.8695376	0.517869538
228	1	1313	14117	516.606488	0.516606488
228	1	101	19050	515.1411199	0.51514112
228	3	6006	14003	514.4997481	0.514499748
228	3	6501	884029	514.1098531	0.514109853
228	2	6000	19186	513.7070323	0.513707032
228	1	12	824524	513.5501749	0.513550175
228	3	8503	1019280	512.828237	0.512828237
228	2	17000	31851	511.2141958	0.511214196
228	1	2525	2260	510.3877578	0.510387758
228	2	6000	29255	508.7200027	0.508720003
228	1	5	364638	507.280395	0.507280395
228	3	8502	1019258	506.4763889	0.506476389
228	3	6503	1146401	505.6997512	0.505699751
228	1	13	874929	505.5724508	0.505572451
228	3	6503	1146754	505.267583	0.505267583
228	1	12	804676	504.9334017	0.504933402
228	3	9010	28891	504.659029	0.504659029
228	2	16001	33012	503.6232055	0.503623206
228	3	6002	13074	503.0687358	0.503068736
228	3	6003	12546	500.4562225	0.500456222
228	2	6000	16441	500.1586551	0.500158655
228	3	6004	13753	498.7508625	0.498750863
228	3	7510	175489	497.8640685	0.497864069
228	3	6004	13731	496.7941867	0.496794187
228	3	6506	1147115	494.8180518	0.494818052
228	1	4	299523	494.5523149	0.494552315
228	1	202	24296	494.1221046	0.494122105
228	1	1313	14043	493.7502446	0.493750245
228	1	101	8286	493.3925937	0.493392594
228	3	6003	12821	492.4067735	0.492406774
228	3	6003	12753	492.2563153	0.492256315
228	3	8502	1019097	488.3132208	0.488313221
228	2	16001	23932	487.3404227	0.487340423
228	1	1111	2365	485.902316	0.485902316
228	2	6000	22887	483.8122692	0.483812269
228	1	19	1282109	483.0629699	0.48306297
228	1	606	11024	482.6956418	0.482695642
228	1	101	6489	480.4651242	0.480465124
228	1	4040	6689	480.1412476	0.480141248
228	3	6009	17382	479.9499976	0.479949998
228	3	6503	1147110	479.809458	0.479809458
228	1	4	274823	479.3935878	0.479393588
228	1	13	863928	478.1124385	0.478112439
228	3	6002	12218	476.9537493	0.476953749
228	1	13	884368	476.8200983	0.476820098
228	1	12	807725	476.5680465	0.476568047
228	3	9505	234765	476.3946614	0.476394661
228	1	20	1328604	475.22826	0.47522826
228	1	1111	2366	474.6826572	0.474682657
228	1	2929	13206	472.7872444	0.472787244
228	1	202	6002	470.874652	0.470874652
228	1	6	431419	470.5789413	0.470578941
228	1	6	431244	465.9683305	0.46596833
228	3	9505	238428	464.366474	0.464366474
228	3	6003	13012	462.3607392	0.462360739
228	3	6501	884391	462.1698118	0.462169812
228	3	6002	12032	460.8493403	0.46084934
228	3	6002	12081	458.0988084	0.458098808
228	1	13	883178	457.2569586	0.457256959
228	1	21	1414210	456.9119613	0.456911961
228	1	4	276460	454.990592	0.454990592
228	3	8502	1022242	454.9288712	0.454928871
228	3	7500	111732	454.9050498	0.45490505
228	3	6006	14692	454.6317856	0.454631786
228	1	24	1605776	454.5996908	0.454599691
228	1	12	814372	454.4834575	0.454483458
228	1	101	8284	453.9051168	0.453905117
228	2	6000	23371	452.9907474	0.452990747
228	1	2222	10050	448.5706973	0.448570697
228	1	6	430299	448.463253	0.448463253
228	2	30000	13516	447.7238123	0.447723812
228	1	12	801474	445.5052409	0.445505241
228	1	13	878192	443.6242082	0.443624208
228	3	9518	507954	442.8602335	0.442860234
228	1	13	889889	442.1726743	0.442172674
228	3	9003	21537	440.9443786	0.440944379
228	1	6	430919	439.9754313	0.439975431
228	3	7510	175488	438.7791151	0.438779115
228	1	13	853325	438.7428263	0.438742826
228	1	13	878208	437.4438167	0.437443817
228	2	6000	31315	435.653054	0.435653054
228	3	6003	12998	435.5277708	0.435527771
228	3	6003	13011	432.7527974	0.432752797
228	1	26	1741905	432.4493939	0.432449394
228	1	202	6005	431.9749218	0.431974922
228	3	6503	1147753	430.8504788	0.430850479
228	3	6503	1148097	430.7869503	0.43078695
228	3	6003	12811	430.5681395	0.43056814
228	1	12	807775	430.2010009	0.430201001
228	1	101	7281	428.7921721	0.428792172
228	3	6501	884171	428.414123	0.428414123
228	3	6004	13593	428.0507059	0.428050706
228	3	6501	884041	427.7011354	0.427701135
228	1	6	414682	426.6999007	0.426699901
228	2	16001	32673	426.4372893	0.426437289
228	3	8503	1019286	426.3026042	0.426302604
228	3	6503	1146656	425.4339746	0.425433975
228	1	202	6111	423.9459753	0.423945975
228	1	3030	35779	423.4453051	0.423445305
228	1	6	429548	422.778181	0.422778181
228	1	26	1737886	422.2368562	0.422236856
228	3	9003	22195	421.9905964	0.421990596
228	2	11000	43181	420.9159067	0.420915907
228	3	9006	27110	420.0261033	0.420026103
228	3	6003	12552	418.2435434	0.418243543
228	2	15000	14511	418.1179176	0.418117918
228	1	6	430137	417.6023059	0.417602306
228	1	12	812638	417.5175091	0.417517509
228	1	3030	5711	416.6758191	0.416675819
228	1	202	6662	416.2283569	0.416228357
228	1	13	864020	415.4930539	0.415493054
228	2	6000	16442	415.2823639	0.415282364
228	1	20	1348178	412.6607173	0.412660717
228	2	30000	12893	412.266565	0.412266565
228	1	6	418028	411.5549393	0.411554939
228	1	21	1414114	411.4606851	0.411460685
228	1	12	807777	410.6335901	0.41063359
228	3	9505	234640	407.2359905	0.40723599
228	3	6003	12751	406.4988226	0.406498823
228	1	2525	599	406.384756	0.406384756
228	2	21000	26392835	405.3350381	0.405335038
228	2	18000	40002	404.8746421	0.404874642
228	2	21000	26403714	404.78621	0.40478621
228	1	5	338475	404.3906895	0.40439069
228	2	6000	31162	403.9639469	0.403963947
228	1	20	1337447	403.5001383	0.403500138
228	1	13	873008	403.0384642	0.403038464
228	2	6000	13927	400.2406467	0.400240647
228	1	202	1490	400.1219269	0.400121927
228	1	4040	8000	399.5252997	0.3995253
228	1	12	803104	398.9034272	0.398903427
228	1	16	1083374	396.6801404	0.39668014
228	3	6501	884129	396.1361789	0.396136179
228	2	6000	15651	394.3816532	0.394381653
228	1	101	28849	392.5374623	0.392537462
228	3	6003	12344	391.1031956	0.391103196
228	1	101	13475	390.5563859	0.390556386
228	1	27	1807597	390.2592325	0.390259232
228	1	12	812609	390.0226621	0.390022662
228	2	30000	10302	389.8378023	0.389837802
228	3	6003	12544	388.5850776	0.388585078
228	3	6004	13532	387.2366104	0.38723661
228	2	6000	22886	386.8763191	0.386876319
228	3	8503	1021182	386.874347	0.386874347
228	1	12	809230	385.7671844	0.385767184
228	1	20	1321948	385.5298679	0.385529868
228	3	6003	12924	385.4405496	0.38544055
228	1	12	815082	382.9957645	0.382995765
228	1	13	889885	380.0546168	0.380054617
228	3	8502	1019236	379.7615138	0.379761514
228	3	8502	1021565	379.0194993	0.379019499
228	1	17	1137138	374.0125339	0.374012534
228	1	26	1709781	373.8627465	0.373862746
228	3	6001	11544	373.482819	0.373482819
228	1	17	1136955	373.3939688	0.373393969
228	1	26	1725882	372.5449911	0.372544991
228	3	6003	12665	372.0061309	0.372006131
228	1	202	4612	371.6774194	0.371677419
228	3	6501	884153	371.5082691	0.371508269
228	2	6000	10876	371.0220114	0.371022011
228	3	6003	12613	370.732353	0.370732353
228	1	2424	5452	368.127394	0.368127394
228	1	26	1737318	368.038482	0.368038482
228	1	2222	10004	367.9238772	0.367923877
228	1	6	426828	367.3854315	0.367385431
228	2	31000	10122	366.9585187	0.366958519
228	2	16001	24492	366.2581357	0.366258136
228	1	3232	19837	365.840382	0.365840382
228	2	6000	26505	364.6319854	0.364631985
228	1	202	6003	364.006829	0.364006829
228	3	6002	11841	363.8959852	0.363895985
228	1	13	883213	363.8597357	0.363859736
228	3	6503	1147036	362.8577245	0.362857724
228	3	6003	12282	361.98637	0.36198637
228	1	6	425227	361.5306165	0.361530616
228	3	6002	12063	361.3396978	0.361339698
228	1	26	1738515	361.2540317	0.361254032
228	3	9518	507792	360.2058731	0.360205873
228	3	8503	1021143	359.9352359	0.359935236
228	1	5	360675	359.8936388	0.359893639
228	2	6000	12666	359.1488225	0.359148822
228	2	6000	27017	358.8467038	0.358846704
228	3	7500	109167	358.0125662	0.358012566
228	1	26	1740888	357.3554942	0.357355494
228	1	21	1402695	355.8525296	0.35585253
228	2	16001	31433	354.9776498	0.35497765
228	1	101	8262	353.9677612	0.353967761
228	1	27	1807220	352.6033548	0.352603355
228	1	12	813593	349.0461077	0.349046108
228	1	13	891637	348.590421	0.348590421
228	2	15000	20841	347.4432553	0.347443255
228	3	8502	1019591	347.0139163	0.347013916
228	3	8502	1021597	347.0014631	0.347001463
228	1	1	102707	346.1766321	0.346176632
228	1	27	1803084	343.7820317	0.343782032
228	3	6503	1147233	341.8628842	0.341862884
228	1	4242	21175	341.3197494	0.341319749
228	1	2222	10075	340.7113121	0.340711312
228	1	24	1597526	340.5339986	0.340533999
228	3	8503	1021761	340.1241228	0.340124123
228	3	6503	1147111	339.7112076	0.339711208
228	1	24	1607116	337.790107	0.337790107
228	1	24	1607119	337.1863314	0.337186331
228	1	16	1076813	335.6544639	0.335654464
228	1	2525	2010	335.3160224	0.335316022
228	1	12	825022	334.3864725	0.334386472
228	2	6000	22881	331.6068075	0.331606807
228	1	3434	32005	330.424135	0.330424135
228	1	13	889890	330.1348589	0.330134859
228	3	8502	1019114	329.8025153	0.329802515
228	1	101	1929	328.1771869	0.328177187
228	1	21	1416059	327.9461786	0.327946179
228	1	26	1715125	327.5013549	0.327501355
228	1	13	891753	327.0171704	0.32701717
228	3	8503	1019284	323.9215444	0.323921544
228	2	6000	13925	323.8844557	0.323884456
228	1	19	1281716	323.8543387	0.323854339
228	1	1111	7027	323.6599446	0.323659945
228	1	6	431341	322.264976	0.322264976
228	2	20000	26335047	318.3785581	0.318378558
228	3	8502	1019503	316.7660252	0.316766025
228	1	11	758696	316.4940844	0.316494084
228	1	6	411471	316.2060574	0.316206057
228	1	202	4191	315.4446469	0.315444647
228	3	6002	12011	315.1832375	0.315183238
228	1	12	786924	314.707833	0.314707833
228	1	13	881328	314.387691	0.314387691
228	1	12	801481	313.9124918	0.313912492
228	1	606	11017	313.2860694	0.313286069
228	3	6002	12103	313.0745987	0.313074599
228	2	6000	19183	313.0527063	0.313052706
228	2	21000	26403914	312.8385379	0.312838538
228	3	6003	12641	311.5682943	0.311568294
228	1	20	1348182	311.493526	0.311493526
228	1	21	1402391	311.2070048	0.311207005
228	3	6003	12053	310.1807219	0.310180722
228	1	26	1740348	308.401376	0.308401376
228	3	6002	11802	307.725059	0.307725059
228	1	24	1592154	307.2567775	0.307256777
228	3	6003	12743	304.822229	0.304822229
228	3	6003	12732	304.5074903	0.30450749
228	1	6	422259	303.2136806	0.303213681
228	3	6503	1146418	302.7020528	0.302702053
228	1	6	415779	300.1167309	0.300116731
228	1	19	1282325	299.9154964	0.299915496
228	1	26	1728459	299.8645565	0.299864556
228	2	6000	31026	299.825807	0.299825807
228	1	6	411641	299.6396071	0.299639607
228	3	8502	1022241	299.4576892	0.299457689
228	1	1818	3521	299.4021519	0.299402152
228	1	4242	7042	297.8661723	0.297866172
228	1	13	889892	297.3320994	0.297332099
228	3	7500	110006	297.2470469	0.297247047
228	1	26	1733640	296.8789982	0.296878998
228	1	26	1726751	296.5472969	0.296547297
228	3	6002	12143	295.8257943	0.295825794
228	3	6003	12701	294.3398681	0.294339868
228	3	9008	29785	294.0258958	0.294025896
228	1	6	418368	292.0398728	0.292039873
228	3	6004	13523	291.983824	0.291983824
228	3	6003	13885	290.8889401	0.29088894
228	2	6000	11185	290.7925828	0.290792583
228	3	6503	1146419	290.6132377	0.290613238
228	3	9518	507662	290.4341529	0.290434153
228	1	3434	5425	289.8779503	0.28987795
228	1	26	1738518	289.8019798	0.28980198
228	1	4	299216	289.443791	0.289443791
228	1	202	6031	289.4082734	0.289408273
228	1	202	1982	289.3699668	0.289369967
228	1	1313	14095	288.7679778	0.288767978
228	1	1111	7150	287.8906947	0.287890695
228	3	6503	1146229	287.8383817	0.287838382
228	1	5	366195	287.3307328	0.287330733
228	2	6000	31331	286.2848792	0.286284879
228	1	6	430807	286.2703402	0.28627034
228	1	4242	7043	285.9311036	0.285931104
228	2	20000	26335869	285.0884954	0.285088495
228	1	5	349521	284.4772542	0.284477254
228	3	6503	1146736	284.2778127	0.284277813
228	1	404	4268	283.0273771	0.283027377
228	3	9505	238294	282.4344422	0.282434442
228	2	21000	26393143	279.6391802	0.27963918
228	1	12	801424	277.9976345	0.277997634
228	1	6	414680	277.0701889	0.277070189
228	1	12	811142	276.445161	0.276445161
228	3	6006	14262	273.6751344	0.273675134
228	1	1515	20205	273.5139159	0.273513916
228	1	1313	3876	273.2528861	0.273252886
228	1	12	816561	273.1105336	0.273110534
228	3	8502	1019260	273.0476024	0.273047602
228	1	12	823525	269.4414262	0.269441426
228	3	6003	12951	269.0166	0.2690166
228	3	8503	1021762	268.9129482	0.268912948
228	3	6503	1146402	267.9716687	0.267971669
228	3	6503	1146376	267.220147	0.267220147
228	1	21	1404420	267.2177706	0.267217771
228	1	12	801411	266.9712418	0.266971242
228	1	1313	11344	266.2129596	0.26621296
228	3	6503	1146445	264.7616351	0.264761635
228	1	1212	3007	264.3206979	0.264320698
228	3	6003	12335	263.5095977	0.263509598
228	3	6503	1147083	262.571079	0.262571079
228	3	6002	11821	260.312392	0.260312392
228	1	27	1807219	258.7237075	0.258723708
228	1	12	790746	257.9766011	0.257976601
228	1	12	801427	256.3298059	0.256329806
228	3	6503	1146350	256.0905301	0.25609053
228	3	9518	507628	256.056368	0.256056368
228	1	19	1283559	255.6260445	0.255626045
228	3	6004	13531	254.3592828	0.254359283
228	1	6	402876	254.2824334	0.254282433
228	1	101	2213	253.9764687	0.253976469
228	2	21000	26399525	253.9724195	0.253972419
228	3	7510	177054	253.8230201	0.25382302
228	3	7500	110007	253.2738277	0.253273828
228	1	12	811144	252.8487114	0.252848711
228	1	13	889888	252.7451459	0.252745146
228	3	6006	14732	252.7221093	0.252722109
228	3	8503	1021180	251.0860985	0.251086098
228	1	4040	9406	250.3549146	0.250354915
228	2	15000	20483	249.256524	0.249256524
228	1	6	432818	248.8346481	0.248834648
228	3	6503	1147113	247.9921367	0.247992137
228	1	1414	2002	247.4369914	0.247436991
228	1	12	823336	245.1171378	0.245117138
228	1	12	801416	244.1116889	0.244111689
228	3	6503	1147095	243.4319111	0.243431911
228	1	12	824526	243.229963	0.243229963
228	3	6503	1147094	243.1399548	0.243139955
228	3	6503	1146713	242.6730346	0.242673035
228	1	6	431668	242.0240539	0.242024054
228	3	8503	1021168	241.8415192	0.241841519
228	1	13	889891	240.8264566	0.240826457
228	1	26	1731134	240.5554473	0.240555447
228	1	2525	4914	240.3702695	0.240370269
228	1	4242	7012	240.0104693	0.240010469
228	1	3030	14089	238.3106004	0.2383106
228	1	4	292834	238.0958253	0.238095825
228	1	21	1414255	237.1789878	0.237178988
228	1	13	889887	237.1213369	0.237121337
228	1	12	801470	236.9666243	0.236966624
228	1	3434	11130	236.4260256	0.236426026
228	1	12	801479	235.8806655	0.235880666
228	1	12	816698	234.7324256	0.234732426
228	2	30000	16127	234.7275639	0.234727564
228	1	13	864004	234.6451438	0.234645144
228	1	6	423360	234.5239535	0.234523954
228	3	6503	1146765	233.9025223	0.233902522
228	1	17	1147582	233.1803509	0.233180351
228	1	6	430782	232.6745321	0.232674532
228	3	6006	14391	232.23993	0.23223993
228	3	6503	1146506	231.5217988	0.231521799
228	3	9003	21538	229.8765489	0.229876549
228	1	27	1807596	228.8744032	0.228874403
228	2	6000	31341	228.6393575	0.228639357
228	1	13	874930	228.5041998	0.2285042
228	3	7510	177053	228.1538434	0.228153843
228	1	26	1736657	227.9896208	0.227989621
228	1	4040	5249	226.8250459	0.226825046
228	1	16	1062462	226.6355807	0.226635581
228	3	6501	884389	226.0643423	0.226064342
228	2	6000	25512	225.9858049	0.225985805
228	1	16	1073117	225.3042656	0.225304266
228	1	27	1792033	224.9494146	0.224949415
228	1	3	211550	224.4285331	0.224428533
228	1	12	812339	223.7890115	0.223789011
228	1	101	158	223.499995	0.223499995
228	1	6	431071	222.8736618	0.222873662
228	3	6006	14005	222.0926064	0.222092606
228	3	6003	13541	221.57111	0.22157111
228	1	21	1401565	221.1479462	0.221147946
228	3	6503	1146658	220.5234219	0.220523422
228	1	16	1078910	220.2047903	0.22020479
228	1	202	25304	220.0041829	0.220004183
228	3	6004	13961	219.2407638	0.219240764
228	1	26	1738002	218.0308629	0.218030863
228	1	13	891751	217.8610679	0.217861068
228	3	6003	12118	217.6024315	0.217602432
228	3	6006	14181	217.3906747	0.217390675
228	1	27	1807109	217.2443412	0.217244341
228	3	8503	1021163	217.1031443	0.217103144
228	1	12	823589	215.643631	0.215643631
228	1	21	1414211	215.3997403	0.21539974
228	1	21	1403526	214.8801766	0.214880177
228	2	6000	27016	214.7562634	0.214756263
228	3	6006	12974	214.1831978	0.214183198
228	1	21	1411723	214.0675109	0.214067511
228	3	6503	1147109	213.8231804	0.21382318
228	1	26	1742307	213.4666356	0.213466636
228	1	1212	11193	213.2855156	0.213285516
228	1	202	4190	213.1935961	0.213193596
228	3	6501	884187	212.7018532	0.212701853
228	1	12	801418	211.9195424	0.211919542
228	2	6000	3886	211.6064479	0.211606448
228	1	12	815607	211.5641945	0.211564195
228	2	6000	15646	210.3270088	0.210327009
228	3	7500	110026	209.6704443	0.209670444
228	1	13	883215	209.203364	0.209203364
228	1	4	300157	208.8407584	0.208840758
228	1	1313	14052	208.2887015	0.208288702
228	3	6002	13017	207.662616	0.207662616
228	3	6503	1147084	207.4924187	0.207492419
228	1	202	15622	206.7177769	0.206717777
228	1	26	1727506	206.2907358	0.206290736
228	3	6006	13424	206.0587088	0.206058709
228	3	9505	237723	205.9663046	0.205966305
228	2	6000	25213	205.1361452	0.205136145
228	1	12	825067	204.2084372	0.204208437
228	2	21000	26404485	204.0598573	0.204059857
228	1	1616	16084	202.9830227	0.202983023
228	1	26	1742090	202.34695	0.20234695
228	3	8502	1019484	201.5103538	0.201510354
228	3	9004	18042	201.2336393	0.201233639
228	1	4141	4901	200.8988168	0.200898817
228	2	11000	43202	200.776942	0.200776942
228	1	1	102808	200.416603	0.200416603
228	3	8503	1021170	200.3876952	0.200387695
228	3	6501	885100	200.1715976	0.200171598
228	1	6	431610	200.105194	0.200105194
228	3	6503	1146187	199.6471635	0.199647164
228	3	9518	507663	199.2140288	0.199214029
228	3	6003	12831	197.632825	0.197632825
228	1	12	801414	197.1918004	0.1971918
228	1	26	1740884	196.7509738	0.196750974
228	1	101	8011	196.629425	0.196629425
228	1	12	812615	196.2768466	0.196276847
228	2	20000	26326819	195.8363508	0.195836351
228	2	6000	31132	195.0659892	0.195065989
228	1	12	823487	194.8009487	0.194800949
228	1	12	813937	194.7419016	0.194741902
228	1	27	1800778	194.1962928	0.194196293
228	1	12	823441	194.040206	0.194040206
228	2	6000	22885	193.6770612	0.193677061
228	1	19	1282942	193.483447	0.193483447
228	1	101	22094	191.2960008	0.191296001
228	1	2525	10191	191.2483886	0.191248389
228	3	7500	110137	188.7330942	0.188733094
228	1	6	430778	187.7458524	0.187745852
228	1	16	1085700	186.9870619	0.186987062
228	3	6503	1146725	186.3792377	0.186379238
228	3	8502	1019101	186.2686607	0.186268661
228	1	3030	5713	185.4327956	0.185432796
228	3	6503	1146377	184.9957531	0.184995753
228	1	1313	3862	184.8481994	0.184848199
228	1	27	1792560	184.6728904	0.18467289
228	1	4040	8226	184.6446119	0.184644612
228	3	6002	11801	184.6023795	0.184602379
228	1	26	1741354	182.7345911	0.182734591
228	1	202	300	182.0880266	0.182088027
228	1	16	1083701	181.5878017	0.181587802
228	1	16	1076811	179.987809	0.179987809
228	1	13	872279	178.3865525	0.178386553
228	1	27	1806393	177.6474348	0.177647435
228	1	21	1399359	176.8191913	0.176819191
228	1	13	871463	175.4400164	0.175440016
228	3	8503	1019072	174.1929587	0.174192959
228	1	21	1399361	173.4677031	0.173467703
228	2	16001	32642	173.1361338	0.173136134
228	1	101	8141	172.4547079	0.172454708
228	2	20000	26342428	172.1592738	0.172159274
228	1	3434	11022	170.0596497	0.17005965
228	1	16	1065550	169.9236412	0.169923641
228	1	11	758697	169.6836908	0.169683691
228	1	5	349519	169.1446685	0.169144669
228	1	3434	4751	168.7820503	0.16878205
228	1	13	884413	168.4168092	0.168416809
228	3	6503	1147605	167.1258603	0.16712586
228	1	12	822776	165.999849	0.165999849
228	1	5	342780	165.2030494	0.165203049
228	3	6501	885099	164.4935822	0.164493582
228	3	9505	234650	164.385229	0.164385229
228	2	6000	15652	164.3671536	0.164367154
228	1	4040	21212	164.2238383	0.164223838
228	1	21	1394107	164.0458318	0.164045832
228	1	6	399773	163.821175	0.163821175
228	3	9505	234822	163.5447176	0.163544718
228	3	6503	1146231	161.1484841	0.161148484
228	1	3	223127	161.005309	0.161005309
228	3	6002	12012	160.9901572	0.160990157
228	3	6003	12913	157.9225484	0.157922548
228	1	6	431248	157.4954196	0.15749542
228	1	24	1611293	155.2818191	0.155281819
228	3	7010	24823	155.1858919	0.155185892
228	1	1	102076	154.9161096	0.15491611
228	2	30000	16121	154.150604	0.154150604
228	1	4	280494	153.9616824	0.153961682
228	1	12	801478	153.3937684	0.153393768
228	1	1818	7008	152.7623376	0.152762338
228	3	9518	508647	152.1201076	0.152120108
228	1	12	801430	152.098217	0.152098217
228	1	20	1320540	151.5094466	0.151509447
228	1	12	832842	151.1462274	0.151146227
228	1	26	1739423	150.4008919	0.150400892
228	1	4	299524	150.3293306	0.150329331
228	3	6503	1147038	150.1353011	0.150135301
228	1	17	1146852	149.5655763	0.149565576
228	1	12	801426	149.3675534	0.149367553
228	1	4	292835	148.4713047	0.148471305
228	1	1	83441	148.3596117	0.148359612
228	1	3	228276	147.2149699	0.14721497
228	3	6503	1146655	146.5114273	0.146511427
228	1	6	399768	145.9918586	0.145991859
228	1	12	816570	144.9786354	0.144978635
228	3	6503	1147114	144.7074581	0.144707458
228	1	26	1741729	144.2070279	0.144207028
228	1	26	1740889	144.1300751	0.144130075
228	3	7510	176983	141.8886521	0.141888652
228	3	6006	13972	139.1437885	0.139143788
228	1	1111	7513	138.4292289	0.138429229
228	1	1	102811	138.188533	0.138188533
228	1	21	1402392	138.1876194	0.138187619
228	1	1212	6179	137.5186867	0.137518687
228	3	6503	1146507	136.5800329	0.136580033
228	1	12	825065	135.6704205	0.13567042
228	3	6003	12952	134.5390376	0.134539038
228	1	3	233806	133.8873431	0.133887343
228	1	13	883172	133.4418977	0.133441898
228	3	8502	1021595	132.7816554	0.132781655
228	1	1	82033	130.8310828	0.130831083
228	1	6	431420	130.7753515	0.130775352
228	2	21000	26403713	130.6646413	0.130664641
228	1	12	821167	130.25775	0.13025775
228	1	6	411642	130.0675299	0.13006753
228	1	21	1414254	129.3632149	0.129363215
228	3	6503	1146944	128.9817684	0.128981768
228	2	6000	2305	128.1632409	0.128163241
228	1	101	5393	127.6235991	0.127623599
228	1	12	812174	127.2526291	0.127252629
228	1	12	823591	127.2246724	0.127224672
228	1	12	815088	126.2330534	0.126233053
228	1	21	1404422	124.883343	0.124883343
228	3	6003	12653	123.5524983	0.123552498
228	3	8503	1019071	123.2541304	0.12325413
228	2	20000	26342429	122.5288146	0.122528815
228	1	4	277289	122.4485623	0.122448562
228	1	24	1605775	122.3581782	0.122358178
228	1	12	812611	121.8106233	0.121810623
228	1	26	1715178	119.2827558	0.119282756
228	1	101	24490	119.2803963	0.119280396
228	3	6501	884992	119.1338317	0.119133832
228	1	1	102705	118.1711943	0.118171194
228	3	7500	109308	117.045156	0.117045156
228	1	12	825023	116.9270589	0.116927059
228	3	6503	1146753	116.8826041	0.116882604
228	1	202	14659	115.9117781	0.115911778
228	3	6501	884130	115.8957798	0.11589578
228	3	6003	12278	115.7367239	0.115736724
228	1	16	1085698	115.7135331	0.115713533
228	1	3434	4749	115.4688581	0.115468858
228	2	6000	31126	115.1297534	0.115129753
228	1	1313	14032	114.472903	0.114472903
228	1	1	85771	113.7318804	0.11373188
228	1	24	1601322	113.0949009	0.113094901
228	3	8503	1021142	112.7671473	0.112767147
228	1	12	823524	109.1758335	0.109175834
228	1	12	801417	108.0455225	0.108045523
228	1	1	88230	106.8642572	0.106864257
228	1	12	808644	106.6829512	0.106682951
228	3	6503	1146448	106.6622332	0.106662233
228	1	6	431930	106.2652193	0.106265219
228	1	6	409135	106.2149493	0.106214949
228	3	6008	12515	105.8922308	0.105892231
228	1	12	807776	105.554139	0.105554139
228	1	26	1719030	105.5272826	0.105527283
228	3	9505	237550	103.0842556	0.103084256
228	1	6	430963	101.1811929	0.101181193
228	1	12	807926	100.8384014	0.100838401
228	1	16	1078911	100.2802202	0.10028022
228	1	12	818307	100.0770347	0.100077035
228	3	8502	1022218	99.44905174	0.099449052
228	1	12	814369	99.21836473	0.099218365
228	2	21000	26395585	96.71102684	0.096711027
228	1	3	211517	95.78795941	0.095787959
228	1	13	878668	95.12485423	0.095124854
228	1	4141	6173	95.12145243	0.095121452
228	1	26	1725360	94.17668424	0.094176684
228	3	6003	12903	93.0063043	0.093006304
228	1	4	274577	92.46369489	0.092463695
228	3	8502	1019113	88.65361078	0.088653611
228	1	12	807925	88.56414179	0.088564142
228	3	6501	884039	88.27648174	0.088276482
228	1	12	823519	87.75666154	0.087756662
228	1	2525	2099	86.49885363	0.086498854
228	1	404	1733	86.01225267	0.086012253
228	1	101	8015	85.23761376	0.085237614
228	1	5	365492	80.92880553	0.080928806
228	2	30000	10015	79.33166646	0.079331666
228	3	9505	234885	79.00337519	0.079003375
228	1	12	801423	78.33361581	0.078333616
228	1	202	28163	76.75600444	0.076756004
228	1	1313	19473	76.65016897	0.076650169
228	1	21	1414113	74.56073489	0.074560735
228	1	24	1592156	74.41410889	0.074414109
228	1	202	5832	73.93157353	0.073931574
228	1	12	798892	73.65638582	0.073656386
228	1	12	822777	73.10924607	0.073109246
228	1	24	1590831	72.88431894	0.072884319
228	2	20000	26336677	72.68465356	0.072684654
228	2	6000	11186	71.57007784	0.071570078
228	1	2222	10009	71.54308171	0.071543082
228	1	4040	5250	70.52453802	0.070524538
228	3	9505	238236	70.05750141	0.070057501
228	1	6	411482	69.82318407	0.069823184
228	1	6	430742	69.36472333	0.069364723
228	1	12	825670	68.72566903	0.068725669
228	3	6003	13917	66.99080713	0.066990807
228	1	26	1740921	66.63943894	0.066639439
228	1	12	798893	66.24883791	0.066248838
228	1	4	293122	66.08392783	0.066083928
228	1	13	868155	65.51082572	0.065510826
228	3	8503	1021161	65.13338981	0.06513339
228	1	6	416304	60.02863675	0.060028637
228	3	6501	885045	58.61304668	0.058613047
228	1	12	816558	56.84315796	0.056843158
228	1	1	102710	56.63646443	0.056636464
228	1	1313	30810	53.32482118	0.053324821
228	1	12	823334	52.06159312	0.052061593
228	1	12	801425	50.56981567	0.050569816
228	1	12	816334	50.33065424	0.050330654
228	3	6006	13781	49.71592137	0.049715921
228	1	6	426015	48.85096524	0.048850965
228	3	9505	234651	45.13487967	0.04513488
228	1	6	431933	42.24193931	0.042241939
228	1	26	1738004	41.65651201	0.041656512
228	1	12	818297	39.6528383	0.039652838
228	3	6003	12901	37.49053237	0.037490532
228	3	6503	1146834	36.03654902	0.036036549
228	1	24	1611182	35.14902973	0.03514903
228	1	12	789289	35.03172284	0.035031723
228	1	1	102815	34.9111501	0.03491115
228	1	6	430801	34.61015688	0.034610157
228	1	12	802196	33.80840249	0.033808402
228	2	6000	31127	32.54446209	0.032544462
228	1	12	802197	31.02593682	0.031025937
228	3	6503	1147603	28.53255454	0.028532555
228	3	6006	14393	27.8481529	0.027848153
228	3	6002	11621	26.68292871	0.026682929
228	1	1	102075	24.26030364	0.024260304
228	1	13	869097	21.39181092	0.021391811
228	3	9505	237549	18.18819287	0.018188193
228	1	12	801410	16.55889101	0.016558891
228	1	6	422297	14.3973075	0.014397307
228	1	6	430020	14.08844275	0.014088443
228	1	1212	5417	13.95549465	0.013955495
228	2	16001	2192	13.42143466	0.013421435
228	2	21000	26404755	13.39546154	0.013395462
228	1	26	1742091	9.733769305	0.009733769
228	1	4040	8001	8.536047006	0.008536047
228	1	1212	11521	7.513602586	0.007513603
228	3	6003	12902	7.069927118	0.007069927
228	1	16	1085538	6.806476301	0.006806476
228	3	9505	234767	2.662945789	0.002662946
